em: 10.00002pt
ex: 4.30554pt
ht: 6.94444pt
dp: 0.0pt
wd: 4.29166pt
