em: 10.00002pt
ex: 4.30554pt
ht: 8.14003pt
dp: 0.0pt
wd: 10.2014pt
