em: 10.00002pt
ex: 4.30554pt
ht: 7.5pt
dp: 2.86108pt
wd: 83.94095pt
