em: 10.00002pt
ex: 4.30554pt
ht: 7.5pt
dp: 2.5pt
wd: 90.49959pt
