em: 10.00002pt
ex: 4.30554pt
ht: 0.0pt
dp: 0.0pt
wd: 0.0pt
