em: 10.00002pt
ex: 4.30554pt
ht: 8.79842pt
dp: 3.44841pt
wd: 105.57407pt
