em: 10.00002pt
ex: 4.30554pt
ht: 6.83331pt
dp: 0.0pt
wd: 7.86249pt
