em: 10.00002pt
ex: 4.30554pt
ht: 6.88889pt
dp: 2.4821pt
wd: 11.55444pt
