em: 10.00002pt
ex: 4.30554pt
ht: 6.94444pt
dp: 2.4821pt
wd: 65.0483pt
