em: 10.00002pt
ex: 4.30554pt
ht: 6.94444pt
dp: 1.94444pt
wd: 59.4962pt
